3,3
0,404
0,403
3,0
0,402
0,401
0,400
0,399
0,398
0,397
0,396
0,395
0,394
0,393
0,392
0,391
0,390
0,383
0,382
0,354
0,351
0,347
0,346
0,345
0,344
0,343
0,342
0,341
0,340
0,339
0,338
0,337
0,336
0,324
0,322
0,243
0,310
0,305
159,1
159,3
159,0
158,3
158,0
157,1
157,3
157,0
156,1
156,3
156,0
155,1
155,3
155,0
165,3
165,0
164,3
164,0
163,3
163,0
162,3
162,0
161,3
161,0
160,1
160,3
160,0
154,3
154,0
153,3
153,0
152,3
152,0
151,3
151,0
150,3
150,0
149,1
149,3
149,0
135,1
135,3
135,0
148,1
148,3
148,0
137,1
137,3
137,0
138,3
138,0
139,3
139,0
140,3
140,0
141,3
141,0
142,3
142,0
143,1
143,3
143,0
144,1
144,3
144,0
145,1
145,3
145,0
146,3
146,0
136,1
136,3
136,0
147,1
147,3
0,364
147,0
120,1
120,3
120,0
0,9
0,308
0,304
0,303
0,302
0,307
0,12
0,357
0,10
0,8
0,0
0,443
0,300
0,371
0,299
0,298
0,332
0,297
0,296
0,331
0,295
0,350
0,294
0,312
0,293
0,330
0,292
0,313
0,291
0,612
0,290
0,433
0,289
0,349
0,288
0,359
0,287
0,369
0,286
0,361
0,285
0,284
0,621
0,283
0,368
0,282
0,281
0,380
0,280
0,420
0,279
0,624
0,278
0,370
0,277
0,405
3,1
168,0
0,407
168,3
0,409
0,410
0,411
167,3
0,413
0,416
0,418
0,421
0,422
0,424
0,425
0,427
0,428
0,430
0,435
0,436
0,438
0,441
0,444
0,447
0,448
0,450
0,451
0,453
0,454
0,456
0,458
0,459
0,461
0,462
0,464
0,466
0,467
0,469
0,470
0,472
0,473
0,475
0,477
0,478
0,480
0,481
0,483
0,485
0,486
0,488
0,489
0,491
0,493
0,494
0,496
0,497
0,499
0,500
0,502
0,504
0,505
0,507
0,508
0,510
0,576
0,577
0,580
0,583
0,586
0,587
0,591
0,594
0,595
0,601
0,602
0,622
0,639
35,0
35,3
36,0
36,3
37,0
37,3
48,1
48,2
59,0
59,1
81,0
81,3
87,0
87,3
110,0
110,3
117,1
117,2
117,4
117,5
117,7
117,8
118,0
118,3
119,0
119,2
119,3
119,5
119,7
119,8
119,10
119,11
136,4
136,5
136,7
136,9
136,10
136,12
136,13
136,15
136,17
136,18
136,20
136,21
136,23
136,24
136,26
136,28
136,29
136,31
136,32
136,34
136,36
136,64
136,66
136,67
136,69
136,70
136,72
136,74
136,75
136,77
136,78
136,80
136,82
136,83
136,85
136,128
136,130
136,132
136,133
136,135
136,136
136,138
136,139
136,141
136,143
136,144
136,146
136,147
136,149
136,151
136,152
136,154
136,155
136,157
136,158
136,160
136,162
136,163
136,165
136,166
138,2
138,5
138,6
138,8
138,9
138,11
138,12
138,14
138,16
138,17
139,2
139,4
139,6
139,8
139,9
140,2
140,4
140,6
140,8
140,9
140,11
141,1
141,4
141,5
141,7
141,9
141,10
142,1
142,2
142,5
146,1
146,83
146,85
146,86
146,105
146,126
148,4
148,6
148,7
148,9
148,10
148,12
148,14
148,15
148,17
148,18
148,20
148,21
148,23
148,25
148,26
148,28
148,29
148,31
148,33
148,34
148,36
148,37
148,39
148,64
148,66
148,68
148,69
148,71
148,72
148,74
148,76
148,77
148,79
148,80
148,82
150,2
150,4
150,6
150,7
150,9
150,10
150,12
150,14
150,15
150,17
150,18
150,20
150,22
150,23
150,25
150,26
150,28
150,29
150,31
150,33
150,34
150,64
150,65
150,67
150,69
150,70
150,72
150,73
150,75
150,76
150,78
150,80
150,81
150,83
150,84
150,86
150,88
150,89
150,91
150,92
150,94
150,96
150,97
150,99
150,100
150,102
150,103
150,105
150,107
150,108
150,110
150,111
150,113
150,115
150,116
150,119
150,123
150,133
150,136
150,139
150,150
150,151
150,157
150,159
150,164
150,171
150,172
150,182
150,184
150,258
150,259
151,2
151,5
151,6
151,8
151,9
151,11
151,13
151,14
151,16
151,17
151,19
151,21
151,22
151,24
151,25
151,27
151,28
151,30
151,32
151,33
151,35
151,64
151,66
151,73
151,76
151,81
151,84
151,91
151,92
152,1
152,4
152,5
152,7
152,8
152,10
152,12
152,13
152,15
152,16
152,18
152,19
152,21
152,23
152,24
152,26
152,27
152,29
152,31
152,32
152,34
152,35
152,65
152,66
152,68
152,70
152,71
152,73
152,74
152,76
152,78
152,79
152,82
152,86
152,90
152,102
152,106
152,117
153,1
153,4
153,5
153,7
153,9
153,10
153,12
153,13
153,15
153,17
153,18
153,20
153,21
153,23
153,24
153,26
153,28
153,29
153,31
153,32
153,34
153,64
153,65
153,67
153,68
153,70
153,71
153,73
153,75
153,76
153,78
153,79
153,81
153,83
153,84
153,86
153,87
153,89
153,91
153,97
153,105
153,113
153,118
153,148
154,2
154,7
154,8
154,10
154,11
154,13
154,15
154,16
154,18
154,19
154,21
154,22
154,24
154,29
154,31
154,33
154,65
158,1
158,315
158,316
158,318
158,319
158,321
158,322
158,356
158,358
158,359
158,361
158,362
158,364
158,366
158,367
158,369
158,370
158,372
158,373
158,375
158,632
158,633
161,1
161,2
161,5
161,8
161,9
161,11
161,12
161,14
161,16
161,17
161,19
161,20
161,22
161,23
161,25
161,27
161,28
161,30
161,31
161,33
161,64
161,65
161,67
161,68
161,70
161,71
161,73
161,76
161,77
161,79
161,80
161,82
161,86
161,87
161,89
161,90
161,92
161,93
161,95
161,97
161,98
161,100
161,101
161,104
161,106
161,107
161,109
161,110
161,112
161,114
161,115
161,117
161,118
161,120
161,121
161,123
161,125
161,126
161,128
161,129
161,131
161,133
161,134
161,136
161,137
161,139
161,140
161,142
161,144
161,145
161,147
161,148
161,150
161,152
161,153
161,155
161,156
161,158
161,159
161,161
161,164
161,165
161,169
161,174
161,182
161,188
161,191
161,193
161,195
161,202
161,206
161,210
161,214
161,217
161,220
161,223
161,225
161,229
161,231
161,242
161,246
161,251
161,254
161,274
162,2
162,5
162,7
162,9
162,12
162,15
162,17
162,20
162,21
162,24
162,28
162,30
162,33
162,35
162,65
162,66
162,69
162,72
162,73
162,75
162,77
162,81
162,83
162,86
162,89
162,90
162,93
162,95
162,98
162,100
162,101
162,103
162,104
162,106
162,108
162,110
162,112
162,113
162,115
162,118
162,119
162,121
162,122
162,124
162,125
162,127
162,129
162,130
162,132
162,133
162,139
162,149
162,151
162,156
162,157
162,161
162,168
162,173
162,180
162,181
162,184
162,186
162,200
162,207
162,209
162,212
162,215
163,1
163,2
163,5
163,7
163,8
163,12
163,13
163,15
163,17
163,18
163,20
163,21
163,23
163,25
163,26
163,28
163,29
163,31
163,32
163,64
163,66
163,67
163,69
163,70
163,72
163,74
163,75
163,77
163,78
163,80
163,81
163,83
163,85
163,86
163,88
163,89
163,91
163,93
163,94
163,96
163,97
163,99
163,100
163,103
163,109
163,119
163,123
163,125
163,133
163,143
163,144
163,151
163,152
164,1
164,2
164,5
164,7
164,8
164,10
164,11
164,13
164,15
164,16
164,18
164,19
164,21
164,23
164,24
164,26
164,27
164,29
164,30
164,32
164,34
164,35
164,65
164,66
164,68
164,71
164,72
164,74
164,75
164,78
164,79
164,81
164,83
164,84
164,86
164,87
164,89
164,91
164,92
164,94
164,95
164,97
164,99
164,101
164,103
164,104
164,106
164,107
164,109
164,111
164,113
164,115
164,116
164,118
164,120
164,121
164,123
164,124
164,126
164,127
164,129
164,131
164,132
164,134
164,135
164,137
164,139
164,140
164,143
164,152
164,156
164,157
164,164
164,168
164,172
164,182
164,191
164,202
164,206
164,209
164,216
164,219
164,222
164,223
164,226
164,229
164,233
164,240
164,241
164,256
165,2
165,4
165,6
165,7
165,9
165,10
165,12
165,14
165,15
165,17
165,18
165,20
165,22
165,23
165,25
165,27
165,29
165,31
165,32
165,34
165,35
165,68
165,69
165,79
165,84
165,90
169,1
169,3
169,0
165,81
165,74
165,64
165,33
165,30
165,28
165,24
165,21
165,19
165,16
165,13
165,11
165,8
165,5
165,1
164,242
164,238
164,227
164,225
164,220
164,212
164,204
164,193
164,174
164,166
164,158
164,155
164,141
164,138
164,136
164,133
164,130
164,128
164,125
164,122
164,119
164,117
164,114
164,110
164,108
164,105
164,102
164,100
164,96
164,93
164,90
164,88
164,85
164,82
164,80
164,76
164,73
164,70
164,67
164,64
164,33
164,31
164,28
164,25
164,22
164,20
164,17
164,14
164,12
164,9
164,6
164,4
163,164
163,147
163,135
163,132
163,121
163,108
163,102
163,98
163,95
163,92
163,90
163,87
163,84
163,82
163,79
163,76
163,73
163,71
163,68
163,65
163,34
163,30
163,27
163,24
163,22
163,19
163,16
163,14
163,9
163,6
163,4
162,216
162,210
162,202
162,199
162,182
162,179
162,170
162,160
162,155
162,147
162,134
162,131
162,128
162,126
162,123
162,120
162,117
162,114
162,111
162,107
162,105
162,102
162,99
162,96
162,91
162,88
162,82
162,79
162,74
162,70
162,68
162,64
162,31
162,25
162,23
162,19
162,13
162,11
162,6
162,1
161,252
161,247
161,234
161,226
161,224
161,219
161,212
161,207
161,196
161,192
161,187
161,175
161,166
161,162
161,160
161,157
161,154
161,151
161,149
161,146
161,143
161,141
161,138
161,135
161,132
161,130
161,127
161,124
161,122
161,119
161,116
161,113
161,111
161,108
161,105
161,103
161,99
161,96
161,94
161,91
161,88
161,83
161,81
161,78
161,74
161,72
161,69
161,66
161,34
161,32
161,29
161,26
161,24
161,21
161,18
161,15
161,13
161,10
161,7
161,4
158,634
158,376
158,374
158,371
158,368
158,365
158,363
158,360
158,357
158,355
158,320
158,317
158,2
154,68
154,32
154,25
154,23
154,20
154,17
154,14
154,12
154,9
154,4
154,1
153,117
153,104
153,90
153,88
153,85
153,82
153,80
153,77
153,74
153,72
153,69
153,66
153,35
153,33
153,30
153,27
153,25
153,22
153,19
153,16
153,14
153,11
153,8
153,6
153,2
152,115
152,96
152,88
152,80
152,77
152,75
152,72
152,69
152,67
152,64
152,33
152,30
152,28
152,25
152,22
152,20
152,17
152,14
152,11
152,9
152,6
152,2
151,93
151,90
151,78
151,68
151,65
151,34
151,31
151,29
151,26
151,23
151,20
151,18
151,15
151,12
151,10
151,7
151,4
151,1
150,186
150,181
150,167
150,160
150,154
150,142
150,137
150,127
150,117
150,114
150,112
150,109
150,106
150,104
150,101
150,98
150,95
150,93
150,90
150,87
150,85
150,82
150,79
150,77
150,74
150,71
150,68
150,66
150,35
150,32
150,30
150,27
150,24
150,21
150,19
150,16
150,13
150,11
150,8
150,5
150,1
148,81
148,78
148,75
148,73
148,70
148,67
148,65
148,38
148,35
148,32
148,30
148,27
148,24
148,22
148,19
148,16
148,13
148,11
148,8
148,5
148,2
146,87
146,84
142,6
142,4
141,11
141,8
141,6
141,2
140,10
140,7
140,5
140,1
139,7
139,5
139,1
138,15
138,13
138,10
138,7
138,4
138,1
136,164
136,161
136,159
136,156
136,153
136,150
136,148
136,145
136,142
136,140
136,137
136,134
136,131
136,129
136,84
136,81
136,79
136,76
136,73
136,71
136,68
136,65
136,35
136,33
136,30
136,27
136,25
136,22
136,19
136,16
136,14
136,11
136,8
136,6
136,2
119,9
119,6
119,4
119,1
118,1
117,9
117,6
117,3
117,0
110,1
87,1
81,1
59,3
48,3
48,0
37,1
36,1
35,1
0,631
0,619
0,600
0,593
0,589
0,585
0,579
0,511
0,509
0,506
0,503
0,501
0,498
0,495
0,492
0,490
0,487
0,484
0,482
0,479
0,476
0,474
0,471
0,468
0,465
0,463
0,460
0,457
0,455
0,452
0,449
0,445
0,442
0,437
0,431
0,429
0,426
0,423
0,419
0,417
167,1
167,0
168,1
0,408
0,406
0,588
0,276
0,599
0,275
0,362
0,274
0,598
0,273
0,374
0,272
0,625
0,271
0,367
0,270
0,627
0,269
0,384
0,268
0,605
0,267
0,597
0,266
0,617
0,265
0,614
0,264
0,610
0,263
0,626
0,262
0,335
0,261
0,616
0,260
0,618
0,259
0,352
0,258
0,389
0,257
0,319
0,256
0,432
0,255
0,633
0,254
0,446
0,253
0,613
0,252
0,318
0,251
0,327
0,250
0,388
0,249
0,356
0,248
0,615
0,247
0,387
0,246
0,582
0,245
0,578
0,244
0,620
0,242
0,607
0,241
0,415
0,240
0,635
0,239
0,329
0,238
0,604
0,237
0,439
0,236
0,355
0,235
0,386
0,234
0,309
0,233
0,596
0,232
0,590
0,231
0,301
0,230
0,229
0,609
0,228
0,353
0,227
0,326
0,226
0,628
0,225
0,629
0,224
0,606
0,223
0,311
0,222
0,608
0,221
0,414
0,220
0,363
0,219
0,584
0,218
0,365
0,217
0,360
0,216
0,592
0,215
0,632
0,214
0,315
0,213
0,638
0,212
0,323
0,211
0,379
0,210
0,611
0,209
0,325
0,208
0,321
0,207
0,328
0,206
0,623
0,205
0,320
0,204
0,306
0,203
0,412
0,202
0,201
0,316
0,200
0,358
0,199
0,637
0,198
0,197
0,373
0,196
0,375
0,195
0,194
0,193
0,378
0,192
0,348
0,63
0,314
0,62
0,372
0,61
0,634
0,60
0,377
0,59
0,58
0,636
0,57
0,385
0,56
0,440
0,55
0,581
0,54
0,334
0,53
0,317
0,52
0,603
0,51
0,50
0,381
0,49
0,434
0,48
0,366
0,47
0,630
0,46
0,333
0,45
0,376
0,6
0,5
0,1
0,11
0,4
0,2
0,3
0,7
